version https://git-lfs.github.com/spec/v1
oid sha256:8393fce79edd748747f1493ad9e6996abffe02afb73a67baf74d791292faa65a
size 136
