version https://git-lfs.github.com/spec/v1
oid sha256:669eeaf95d69168ad54b70386a0a111b5c09456e15914a52e553449d13866fe5
size 16647
