version https://git-lfs.github.com/spec/v1
oid sha256:3ffcd505bd14c91d9c9891358317818ecfd5b81a581155ab94dbec2ce7b9ed2d
size 79
