version https://git-lfs.github.com/spec/v1
oid sha256:5bbb6ad98e07024869cdc4c34f6f3f73621c54745cc6c6fe286584a7dbcbc7a7
size 227
